28,9,472,230,140,123,1,-1,-1,-1
28,11,634,130,89,85,1,-1,-1,-1
28,34,1588,462,332,300,1,-1,-1,-1
28,36,653,217,133,130,1,-1,-1,-1
29,9,472,230,140,123,1,-1,-1,-1
29,11,632,130,90,85,1,-1,-1,-1
29,34,1576,451,344,283,1,-1,-1,-1
29,36,653,217,133,130,1,-1,-1,-1
30,9,472,230,140,123,1,-1,-1,-1
30,11,630,131,91,86,1,-1,-1,-1
30,34,1541,423,379,298,1,-1,-1,-1
30,36,653,217,133,130,1,-1,-1,-1
31,9,472,230,140,124,1,-1,-1,-1
31,11,628,132,91,86,1,-1,-1,-1
31,34,1520,415,400,289,1,-1,-1,-1
31,36,653,217,133,130,1,-1,-1,-1
32,9,472,230,140,124,1,-1,-1,-1
32,11,627,133,92,87,1,-1,-1,-1
32,34,1491,413,393,271,1,-1,-1,-1
32,36,653,217,133,130,1,-1,-1,-1
33,9,472,230,140,124,1,-1,-1,-1
33,11,625,134,93,87,1,-1,-1,-1
33,34,1484,386,375,266,1,-1,-1,-1
33,36,653,217,133,130,1,-1,-1,-1
34,9,472,230,140,124,1,-1,-1,-1
34,11,623,135,93,88,1,-1,-1,-1
34,34,1470,377,363,257,1,-1,-1,-1
34,36,653,217,132,130,1,-1,-1,-1
35,9,472,230,140,124,1,-1,-1,-1
35,11,621,136,94,88,1,-1,-1,-1
35,34,1440,370,348,242,1,-1,-1,-1
35,36,653,217,132,130,1,-1,-1,-1
36,9,472,230,141,124,1,-1,-1,-1
36,11,619,136,95,89,1,-1,-1,-1
36,34,1432,363,336,234,1,-1,-1,-1
36,36,653,217,132,130,1,-1,-1,-1
37,9,472,229,141,124,1,-1,-1,-1
37,11,617,137,96,89,1,-1,-1,-1
37,34,1421,345,314,217,1,-1,-1,-1
37,36,653,217,132,130,1,-1,-1,-1
38,9,472,229,141,124,1,-1,-1,-1
38,11,615,138,96,90,1,-1,-1,-1
38,34,1411,340,304,213,1,-1,-1,-1
38,36,653,217,132,130,1,-1,-1,-1
39,9,472,229,141,124,1,-1,-1,-1
39,11,613,139,97,90,1,-1,-1,-1
39,34,1380,332,305,205,1,-1,-1,-1
39,36,653,217,132,130,1,-1,-1,-1
40,9,472,229,141,124,1,-1,-1,-1
40,11,611,140,98,90,1,-1,-1,-1
40,34,1374,325,284,199,1,-1,-1,-1
40,36,653,217,132,130,1,-1,-1,-1
41,9,472,229,141,124,1,-1,-1,-1
41,11,609,141,99,90,1,-1,-1,-1
41,34,1365,320,271,189,1,-1,-1,-1
41,36,653,217,132,130,1,-1,-1,-1
42,9,472,229,141,125,1,-1,-1,-1
42,11,607,143,99,90,1,-1,-1,-1
42,34,1344,310,269,184,1,-1,-1,-1
42,36,653,217,132,130,1,-1,-1,-1
43,9,471,229,141,125,1,-1,-1,-1
43,11,605,144,100,90,1,-1,-1,-1
43,34,1324,300,266,179,1,-1,-1,-1
43,36,653,217,132,130,1,-1,-1,-1
44,9,471,229,141,125,1,-1,-1,-1
44,11,603,145,101,90,1,-1,-1,-1
44,34,1303,290,264,174,1,-1,-1,-1
44,36,653,217,132,130,1,-1,-1,-1
45,9,471,229,141,125,1,-1,-1,-1
45,11,601,146,102,90,1,-1,-1,-1
45,34,1312,287,220,163,1,-1,-1,-1
45,36,653,217,132,130,1,-1,-1,-1
46,9,471,229,141,125,1,-1,-1,-1
46,11,600,148,103,90,1,-1,-1,-1
46,34,1300,277,210,159,1,-1,-1,-1
46,36,653,217,132,130,1,-1,-1,-1
47,9,471,229,141,125,1,-1,-1,-1
47,11,598,149,103,89,1,-1,-1,-1
47,34,1288,266,200,154,1,-1,-1,-1
47,36,653,217,132,130,1,-1,-1,-1
48,9,471,228,141,125,1,-1,-1,-1
48,11,596,150,104,89,1,-1,-1,-1
48,34,1275,262,193,146,1,-1,-1,-1
48,36,653,217,132,130,1,-1,-1,-1
49,9,471,228,142,125,1,-1,-1,-1
49,11,594,151,105,89,1,-1,-1,-1
49,34,1262,258,186,138,1,-1,-1,-1
49,36,653,217,132,130,1,-1,-1,-1
50,9,471,228,142,125,1,-1,-1,-1
50,11,592,152,106,89,1,-1,-1,-1
50,34,1256,253,185,142,1,-1,-1,-1
50,36,653,217,132,130,1,-1,-1,-1
51,9,471,228,142,125,1,-1,-1,-1
51,11,590,154,106,89,1,-1,-1,-1
51,34,1242,245,180,137,1,-1,-1,-1
51,36,653,217,132,130,1,-1,-1,-1
52,9,471,228,142,125,1,-1,-1,-1
52,11,588,155,107,89,1,-1,-1,-1
52,34,1228,236,175,132,1,-1,-1,-1
52,36,653,217,132,130,1,-1,-1,-1
53,9,471,228,142,125,1,-1,-1,-1
53,11,586,156,108,89,1,-1,-1,-1
53,34,1224,234,168,128,1,-1,-1,-1
53,36,653,217,132,130,1,-1,-1,-1
54,9,471,228,142,126,1,-1,-1,-1
54,11,585,157,109,89,1,-1,-1,-1
54,34,1214,227,161,127,1,-1,-1,-1
54,36,653,217,132,130,1,-1,-1,-1
55,9,471,228,142,126,1,-1,-1,-1
55,11,583,157,109,90,1,-1,-1,-1
55,34,1205,220,154,125,1,-1,-1,-1
55,36,654,217,131,130,1,-1,-1,-1
56,9,471,228,142,126,1,-1,-1,-1
56,11,582,158,110,90,1,-1,-1,-1
56,34,1195,213,147,124,1,-1,-1,-1
56,36,654,217,131,130,1,-1,-1,-1
57,7,1575,456,345,316,1,-1,-1,-1
57,9,471,228,142,126,1,-1,-1,-1
57,11,581,158,110,91,1,-1,-1,-1
57,34,1190,214,144,119,1,-1,-1,-1
57,36,654,217,131,130,1,-1,-1,-1
58,7,1558,443,362,301,1,-1,-1,-1
58,9,471,227,142,126,1,-1,-1,-1
58,11,579,159,111,91,1,-1,-1,-1
58,34,1173,206,146,110,1,-1,-1,-1
58,36,654,217,131,130,1,-1,-1,-1
59,7,1541,430,379,286,1,-1,-1,-1
59,9,471,227,142,126,1,-1,-1,-1
59,11,578,160,112,92,1,-1,-1,-1
59,34,1169,201,141,111,1,-1,-1,-1
59,36,654,217,131,130,1,-1,-1,-1
60,7,1521,410,394,281,1,-1,-1,-1
60,9,471,227,142,126,1,-1,-1,-1
60,11,577,160,112,92,1,-1,-1,-1
60,34,1164,196,133,113,1,-1,-1,-1
60,36,654,217,131,130,1,-1,-1,-1
61,7,1475,409,411,277,1,-1,-1,-1
61,9,471,227,142,126,1,-1,-1,-1
61,11,576,161,113,93,1,-1,-1,-1
61,34,1160,193,128,113,1,-1,-1,-1
61,36,654,217,131,130,1,-1,-1,-1
62,7,1457,379,411,282,1,-1,-1,-1
62,9,471,227,142,126,1,-1,-1,-1
62,11,574,162,114,93,1,-1,-1,-1
62,34,1145,185,128,110,1,-1,-1,-1
62,36,654,217,131,130,1,-1,-1,-1
63,7,1444,369,398,272,1,-1,-1,-1
63,9,471,227,143,126,1,-1,-1,-1
63,11,573,162,114,94,1,-1,-1,-1
63,34,1138,183,125,109,1,-1,-1,-1
63,36,654,217,131,130,1,-1,-1,-1
64,7,1419,363,371,257,1,-1,-1,-1
64,9,471,227,143,126,1,-1,-1,-1
64,11,572,163,115,94,1,-1,-1,-1
64,34,1133,177,121,109,1,-1,-1,-1
64,36,654,217,131,130,1,-1,-1,-1
65,7,1405,355,360,251,1,-1,-1,-1
65,9,471,227,143,126,1,-1,-1,-1
65,11,570,163,115,95,1,-1,-1,-1
65,34,1129,171,119,111,1,-1,-1,-1
65,36,654,217,131,130,1,-1,-1,-1
66,7,1388,339,356,233,1,-1,-1,-1
66,9,471,227,143,127,1,-1,-1,-1
66,11,569,164,116,95,1,-1,-1,-1
66,34,1116,169,118,105,1,-1,-1,-1
66,36,654,217,131,130,1,-1,-1,-1
67,7,1366,334,340,226,1,-1,-1,-1
67,9,471,227,143,127,1,-1,-1,-1
67,11,569,164,116,95,1,-1,-1,-1
67,34,1112,170,116,98,1,-1,-1,-1
67,36,654,217,131,130,1,-1,-1,-1
68,7,1358,322,320,227,1,-1,-1,-1
68,9,471,226,143,127,1,-1,-1,-1
68,11,569,164,115,95,1,-1,-1,-1
68,34,1106,167,114,95,1,-1,-1,-1
68,36,654,217,131,130,1,-1,-1,-1
69,7,1343,311,310,222,1,-1,-1,-1
69,9,471,226,143,127,1,-1,-1,-1
69,11,569,165,115,95,1,-1,-1,-1
69,34,1099,165,114,91,1,-1,-1,-1
69,36,654,217,131,130,1,-1,-1,-1
70,7,1319,310,298,198,1,-1,-1,-1
70,9,470,226,143,127,1,-1,-1,-1
70,11,569,165,115,95,1,-1,-1,-1
70,34,1095,161,112,88,1,-1,-1,-1
70,36,654,217,131,130,1,-1,-1,-1
71,7,1318,307,279,185,1,-1,-1,-1
71,9,470,226,143,127,1,-1,-1,-1
71,11,568,165,114,95,1,-1,-1,-1
71,34,1084,159,114,86,1,-1,-1,-1
71,36,654,217,131,130,1,-1,-1,-1
72,7,1303,289,268,188,1,-1,-1,-1
72,9,470,226,143,127,1,-1,-1,-1
72,11,568,165,114,95,1,-1,-1,-1
72,34,1080,158,112,84,1,-1,-1,-1
72,36,654,217,131,130,1,-1,-1,-1
73,7,1290,283,257,186,1,-1,-1,-1
73,9,470,226,143,127,1,-1,-1,-1
73,11,568,165,113,95,1,-1,-1,-1
73,34,1078,156,105,81,1,-1,-1,-1
73,36,654,217,131,130,1,-1,-1,-1
74,7,1264,272,264,188,1,-1,-1,-1
74,9,470,226,143,127,1,-1,-1,-1
74,11,568,166,113,95,1,-1,-1,-1
74,34,1072,154,102,78,1,-1,-1,-1
74,36,654,217,131,130,1,-1,-1,-1
75,7,1262,263,251,183,1,-1,-1,-1
75,9,470,226,143,127,1,-1,-1,-1
75,11,568,166,113,95,1,-1,-1,-1
75,34,1066,151,105,78,1,-1,-1,-1
75,36,654,217,131,130,1,-1,-1,-1
76,7,1258,263,237,162,1,-1,-1,-1
76,9,470,226,143,127,1,-1,-1,-1
76,11,568,166,112,95,1,-1,-1,-1
76,34,1062,148,102,78,1,-1,-1,-1
76,36,654,217,130,130,1,-1,-1,-1
76,54,1589,498,331,294,1,-1,-1,-1
77,7,1247,257,210,158,1,-1,-1,-1
77,9,470,226,144,127,1,-1,-1,-1
77,11,568,166,112,95,1,-1,-1,-1
77,34,1058,145,90,79,1,-1,-1,-1
77,36,654,217,130,130,1,-1,-1,-1
77,54,1545,490,375,276,1,-1,-1,-1
78,7,1242,250,200,161,1,-1,-1,-1
78,9,470,225,144,128,1,-1,-1,-1
78,11,568,166,112,95,1,-1,-1,-1
78,34,1054,143,94,78,1,-1,-1,-1
78,36,654,217,130,130,1,-1,-1,-1
78,54,1520,466,400,256,1,-1,-1,-1
79,7,1223,246,197,154,1,-1,-1,-1
79,9,470,225,144,128,1,-1,-1,-1
79,11,567,166,111,95,1,-1,-1,-1
79,34,1049,144,95,74,1,-1,-1,-1
79,36,654,217,130,130,1,-1,-1,-1
79,54,1485,454,385,246,1,-1,-1,-1
80,7,1216,232,195,153,1,-1,-1,-1
80,9,470,225,144,128,1,-1,-1,-1
80,11,567,167,111,95,1,-1,-1,-1
80,34,1044,141,97,73,1,-1,-1,-1
80,36,654,217,130,130,1,-1,-1,-1
80,54,1466,439,378,238,1,-1,-1,-1
81,7,1209,227,190,152,1,-1,-1,-1
81,9,470,225,144,128,1,-1,-1,-1
81,11,567,167,110,95,1,-1,-1,-1
81,34,1039,139,94,74,1,-1,-1,-1
81,36,654,217,130,130,1,-1,-1,-1
81,54,1427,435,374,222,1,-1,-1,-1
82,7,1195,228,179,136,1,-1,-1,-1
82,9,470,225,144,128,1,-1,-1,-1
82,11,567,167,110,95,1,-1,-1,-1
82,34,1035,137,92,74,1,-1,-1,-1
82,36,654,217,130,129,1,-1,-1,-1
82,54,1426,401,341,226,1,-1,-1,-1
83,7,1188,223,177,136,1,-1,-1,-1
83,9,470,225,144,128,1,-1,-1,-1
83,11,567,167,110,95,1,-1,-1,-1
83,34,1032,136,89,65,1,-1,-1,-1
83,36,654,217,130,129,1,-1,-1,-1
83,54,1411,388,325,219,1,-1,-1,-1
84,7,1182,224,171,129,1,-1,-1,-1
84,9,469,226,145,128,1,-1,-1,-1
84,11,567,168,110,95,1,-1,-1,-1
84,34,1031,136,87,64,1,-1,-1,-1
84,36,654,217,130,129,1,-1,-1,-1
84,54,1388,381,300,199,1,-1,-1,-1
85,7,1175,206,169,139,1,-1,-1,-1
85,9,468,226,145,128,1,-1,-1,-1
85,11,568,168,109,95,1,-1,-1,-1
85,34,1025,133,79,64,1,-1,-1,-1
85,36,654,217,130,129,1,-1,-1,-1
85,54,1376,363,282,188,1,-1,-1,-1
86,7,1163,204,163,125,1,-1,-1,-1
86,9,467,227,146,128,1,-1,-1,-1
86,11,568,168,109,96,1,-1,-1,-1
86,36,654,217,130,129,1,-1,-1,-1
86,54,1362,361,268,177,1,-1,-1,-1
87,7,1158,203,157,122,1,-1,-1,-1
87,9,466,227,146,128,1,-1,-1,-1
87,11,568,168,109,96,1,-1,-1,-1
87,36,654,217,130,129,1,-1,-1,-1
87,54,1334,345,263,179,1,-1,-1,-1
88,7,1152,198,152,121,1,-1,-1,-1
88,9,465,228,147,128,1,-1,-1,-1
88,11,568,169,109,96,1,-1,-1,-1
88,36,654,217,130,129,1,-1,-1,-1
88,54,1325,332,254,177,1,-1,-1,-1
89,7,1149,194,145,120,1,-1,-1,-1
89,9,464,228,147,127,1,-1,-1,-1
89,11,569,169,108,96,1,-1,-1,-1
89,36,654,217,130,129,1,-1,-1,-1
89,54,1308,320,252,177,1,-1,-1,-1
90,7,1138,190,142,117,1,-1,-1,-1
90,9,463,229,148,127,1,-1,-1,-1
90,11,569,169,108,96,1,-1,-1,-1
90,36,654,217,130,129,1,-1,-1,-1
90,54,1309,324,218,152,1,-1,-1,-1
91,7,1132,182,141,117,1,-1,-1,-1
91,9,462,229,148,127,1,-1,-1,-1
91,11,569,169,108,96,1,-1,-1,-1
91,36,654,217,130,129,1,-1,-1,-1
91,54,1281,307,216,147,1,-1,-1,-1
92,7,1127,178,136,119,1,-1,-1,-1
92,9,461,230,149,127,1,-1,-1,-1
92,11,569,170,108,96,1,-1,-1,-1
92,36,654,217,130,129,1,-1,-1,-1
92,54,1271,296,217,153,1,-1,-1,-1
93,7,1123,175,131,116,1,-1,-1,-1
93,9,460,230,149,127,1,-1,-1,-1
93,11,570,170,108,97,1,-1,-1,-1
93,36,654,217,130,129,1,-1,-1,-1
93,54,1251,293,208,140,1,-1,-1,-1
94,7,1115,168,125,114,1,-1,-1,-1
94,9,459,232,149,127,1,-1,-1,-1
94,11,570,170,107,97,1,-1,-1,-1
94,35,1434,108,486,483,1,-1,-1,-1
94,36,654,217,130,129,1,-1,-1,-1
94,54,1244,282,201,134,1,-1,-1,-1
95,7,1111,167,123,111,1,-1,-1,-1
95,9,458,233,148,127,1,-1,-1,-1
95,11,570,171,107,97,1,-1,-1,-1
95,35,1429,110,491,475,1,-1,-1,-1
95,36,654,217,130,129,1,-1,-1,-1
95,54,1240,275,193,138,1,-1,-1,-1
96,7,1105,163,122,113,1,-1,-1,-1
96,9,457,235,148,128,1,-1,-1,-1
96,11,570,171,107,97,1,-1,-1,-1
96,35,1424,112,496,466,1,-1,-1,-1
96,36,654,217,130,129,1,-1,-1,-1
96,54,1221,267,187,130,1,-1,-1,-1
97,7,1101,158,118,116,1,-1,-1,-1
97,9,456,236,148,128,1,-1,-1,-1
97,11,570,171,107,97,1,-1,-1,-1
97,35,1424,112,496,497,1,-1,-1,-1
97,36,654,217,130,129,1,-1,-1,-1
97,54,1215,262,180,127,1,-1,-1,-1
98,7,1093,164,121,97,1,-1,-1,-1
98,9,455,238,147,128,1,-1,-1,-1
98,11,571,171,106,97,1,-1,-1,-1
98,35,1429,110,491,517,1,-1,-1,-1
98,36,654,217,129,129,1,-1,-1,-1
98,54,1197,251,167,121,1,-1,-1,-1
99,7,1091,160,119,91,1,-1,-1,-1
99,9,454,239,147,128,1,-1,-1,-1
99,11,571,172,106,97,1,-1,-1,-1
99,35,1419,109,501,502,1,-1,-1,-1
99,36,654,217,129,129,1,-1,-1,-1
99,54,1189,247,167,121,1,-1,-1,-1
100,7,1084,158,113,92,1,-1,-1,-1
100,9,453,241,147,129,1,-1,-1,-1
100,11,571,172,106,97,1,-1,-1,-1
100,35,1409,107,511,486,1,-1,-1,-1
100,36,654,217,129,129,1,-1,-1,-1
100,54,1183,242,163,118,1,-1,-1,-1
101,7,1080,158,112,89,1,-1,-1,-1
101,9,452,242,146,129,1,-1,-1,-1
101,11,571,172,106,98,1,-1,-1,-1
101,35,1400,106,520,471,1,-1,-1,-1
101,36,654,217,129,129,1,-1,-1,-1
101,54,1171,235,153,116,1,-1,-1,-1
102,7,1073,156,112,89,1,-1,-1,-1
102,9,451,244,146,129,1,-1,-1,-1
102,11,572,172,105,98,1,-1,-1,-1
102,35,1390,104,530,455,1,-1,-1,-1
102,36,654,217,129,129,1,-1,-1,-1
102,54,1167,231,146,114,1,-1,-1,-1
103,7,1065,151,114,91,1,-1,-1,-1
103,9,449,244,149,129,1,-1,-1,-1
103,11,572,173,105,98,1,-1,-1,-1
103,35,1380,103,540,440,1,-1,-1,-1
103,36,654,217,129,129,1,-1,-1,-1
103,54,1155,217,145,120,1,-1,-1,-1
104,7,1060,147,114,95,1,-1,-1,-1
104,8,1580,519,339,252,1,-1,-1,-1
104,9,444,247,152,130,1,-1,-1,-1
104,11,572,173,105,98,1,-1,-1,-1
104,35,1371,100,549,434,1,-1,-1,-1
104,36,654,217,129,129,1,-1,-1,-1
104,54,1150,215,144,113,1,-1,-1,-1
105,7,1057,145,116,83,1,-1,-1,-1
105,8,1554,471,362,234,1,-1,-1,-1
105,9,439,249,155,132,1,-1,-1,-1
105,11,571,173,106,98,1,-1,-1,-1
105,35,1362,97,558,429,1,-1,-1,-1
105,36,654,217,129,129,1,-1,-1,-1
105,54,1139,211,140,109,1,-1,-1,-1
106,7,1054,143,114,84,1,-1,-1,-1
106,8,1489,459,360,220,1,-1,-1,-1
106,9,434,252,157,133,1,-1,-1,-1
106,11,570,173,107,98,1,-1,-1,-1
106,35,1354,93,566,423,1,-1,-1,-1
106,36,654,217,129,129,1,-1,-1,-1
106,54,1132,207,134,108,1,-1,-1,-1
107,7,1055,138,99,86,1,-1,-1,-1
107,8,1463,430,330,209,1,-1,-1,-1
107,9,429,255,160,135,1,-1,-1,-1
107,10,461,205,138,107,1,-1,-1,-1
107,11,569,173,108,98,1,-1,-1,-1
107,35,1345,90,575,418,1,-1,-1,-1
107,36,654,217,129,129,1,-1,-1,-1
107,54,1126,203,128,106,1,-1,-1,-1
108,7,1049,139,106,80,1,-1,-1,-1
108,8,1437,400,300,198,1,-1,-1,-1
108,9,423,257,163,136,1,-1,-1,-1
108,10,456,207,140,108,1,-1,-1,-1
108,11,566,173,111,98,1,-1,-1,-1
108,36,654,217,129,129,1,-1,-1,-1
108,54,1116,200,123,100,1,-1,-1,-1
109,7,1045,141,106,73,1,-1,-1,-1
109,8,1409,377,282,188,1,-1,-1,-1
109,9,418,260,166,137,1,-1,-1,-1
109,10,451,208,141,109,1,-1,-1,-1
109,11,564,173,112,98,1,-1,-1,-1
109,36,654,218,129,129,1,-1,-1,-1
109,54,1111,200,123,96,1,-1,-1,-1
110,7,1039,140,108,70,1,-1,-1,-1
110,8,1380,354,263,178,1,-1,-1,-1
110,9,413,262,168,139,1,-1,-1,-1
110,10,446,209,143,110,1,-1,-1,-1
110,11,564,174,112,97,1,-1,-1,-1
110,36,653,220,129,129,1,-1,-1,-1
110,54,1108,196,120,88,1,-1,-1,-1
111,7,1035,138,101,72,1,-1,-1,-1
111,8,1360,340,240,165,1,-1,-1,-1
111,9,408,265,171,140,1,-1,-1,-1
111,10,442,211,145,110,1,-1,-1,-1
111,11,563,174,113,98,1,-1,-1,-1
111,36,653,221,129,130,1,-1,-1,-1
111,54,1101,193,119,85,1,-1,-1,-1
112,7,1031,137,99,73,1,-1,-1,-1
112,8,1340,327,218,153,1,-1,-1,-1
112,9,404,268,172,140,1,-1,-1,-1
112,10,437,212,147,111,1,-1,-1,-1
112,11,561,174,113,98,1,-1,-1,-1
112,36,653,222,129,130,1,-1,-1,-1
112,54,1095,188,117,87,1,-1,-1,-1
113,7,1029,133,95,67,1,-1,-1,-1
113,9,401,267,172,145,1,-1,-1,-1
113,10,432,213,148,112,1,-1,-1,-1
113,11,560,175,114,99,1,-1,-1,-1
113,35,1297,85,531,374,1,-1,-1,-1
113,36,652,224,129,130,1,-1,-1,-1
113,54,1085,177,114,94,1,-1,-1,-1
114,7,1027,132,94,65,1,-1,-1,-1
114,9,391,274,167,147,1,-1,-1,-1
114,10,427,215,150,113,1,-1,-1,-1
114,11,558,175,115,99,1,-1,-1,-1
114,36,652,225,130,130,1,-1,-1,-1
114,54,1082,175,113,94,1,-1,-1,-1
115,7,1024,128,83,65,1,-1,-1,-1
115,9,385,279,171,150,1,-1,-1,-1
115,10,422,216,152,113,1,-1,-1,-1
115,11,557,175,115,100,1,-1,-1,-1
115,36,651,227,130,130,1,-1,-1,-1
115,54,1074,180,119,80,1,-1,-1,-1
116,7,1021,127,83,64,1,-1,-1,-1
116,9,379,283,175,154,1,-1,-1,-1
116,10,417,218,153,114,1,-1,-1,-1
116,11,555,175,116,100,1,-1,-1,-1
116,36,651,228,130,130,1,-1,-1,-1
116,54,1070,179,116,77,1,-1,-1,-1
117,7,1018,126,83,64,1,-1,-1,-1
117,9,373,288,179,157,1,-1,-1,-1
117,10,412,219,155,115,1,-1,-1,-1
117,11,554,177,117,99,1,-1,-1,-1
117,36,651,229,130,131,1,-1,-1,-1
117,54,1065,173,112,80,1,-1,-1,-1
118,7,1015,126,82,64,1,-1,-1,-1
118,9,367,292,183,160,1,-1,-1,-1
118,10,399,222,160,118,1,-1,-1,-1
118,11,552,177,116,100,1,-1,-1,-1
118,36,650,231,130,131,1,-1,-1,-1
118,54,1063,170,106,81,1,-1,-1,-1
119,7,1011,125,82,63,1,-1,-1,-1
119,9,360,294,186,164,1,-1,-1,-1
119,10,386,225,165,120,1,-1,-1,-1
119,11,551,179,116,100,1,-1,-1,-1
119,36,650,232,130,131,1,-1,-1,-1
119,54,1063,159,102,85,1,-1,-1,-1
120,7,1008,124,81,63,1,-1,-1,-1
120,9,355,297,188,165,1,-1,-1,-1
120,10,373,228,170,123,1,-1,-1,-1
120,11,549,180,117,100,1,-1,-1,-1
120,36,648,234,131,134,1,-1,-1,-1
120,54,1063,156,97,86,1,-1,-1,-1